4 5
0.000000 0.000000
3.323039 1.612870
4.264843 -0.304348
5.082805 -0.276522
5.868886 0.202358
9.244210 -0.211161
9.883984 0.247792
10.571327 0.628819
10.445154 0.995065
12.237395 1.000506
13.806694 1.004935
14.639612 -0.761810
15.220029 -0.729610
16.093773 0.192727
15.304376 0.000000
20.000000 0.000000
0.000000 0.000000
1.594870 0.318061
2.318896 0.414663
4.068349 -0.004429
6.868147 -0.045728
6.073882 0.013288
7.322319 -0.018913
9.365758 0.059255
9.446537 -0.142809
10.372005 -0.147239
11.751562 0.045249
12.788752 0.371209
14.741095 -0.055543
15.968134 -0.344634
16.066250 0.027532
20.000000 0.000000
0.000000 0.000000
1.000000 0.000000
2.937238 0.193925
4.654947 0.217028
6.945441 0.175729
6.268488 -0.152148
8.738410 -0.133712
13.320052 -0.059973
11.006093 -0.298428
13.320052 -0.229597
14.376875 -0.202065
14.381667 -0.251982
15.017293 -0.017956
16.056662 0.284901
16.795000 0.027532
20.000000 -0.013766
0.000000 0.000000
1.496875 1.981565
5.229687 1.963130
6.312499 -0.055305
7.416019 -2.018435
8.503126 -0.000000
9.503126 -0.000000
10.503126 -0.000000
11.496877 0.073739
12.242188 0.055304
13.242188 0.055304
14.977917 0.013766
15.977917 0.013766
19.988958 0.261559
19.975000 -0.000000
19.988958 0.068831
